PDB	No. a.a.	Glycine	S.S.	Long SS	Charge	SASA	No. pos.	No. Surf. pos.	Pos. area	No. neg.	No. Surf. neg.	Neg. area	No. hyd.	No. Surf. hyd.	hyd. area	Alpha	Beta	Salt bridges	H-bonds
7UWG	137	6	0.0	N	-8	7009.03466796875	14	14	1418.0574951171875	22	22	1683.536376953125	58	37	1938.2640380859375	57.03703703703704	21.48148148148148	16	162
7UXU	137	6	0.0	N	-8	7905.9580078125	14	14	1673.709228515625	22	22	1841.1119384765625	58	39	2104.51708984375	64.17910447761194	14.17910447761194	6	155
8G83	184	20	0.0	N	-7	6722.08349609375	17	15	1187.8275146484375	24	22	1519.462646484375	65	33	1643.0404052734375	49.27536231884058	21.014492753623188	10	151
7S4N	85	8	4.0	4	1	5121.14990234375	14	14	1203.4117431640625	13	11	1010.9176635742188	24	21	1318.6737060546875	7.317073170731708	51.21951219512195	3	67
7S58	85	8	4.0	4	1	5371.29345703125	14	14	1286.778076171875	13	12	1050.521240234375	24	22	1457.382080078125	9.523809523809524	47.61904761904762	7	74
7S59	85	8	4.0	4	1	5425.18896484375	14	14	1391.2445068359375	13	12	1189.390380859375	24	21	1214.5059814453125	9.63855421686747	48.19277108433735	1	2
7SO0	85	8	4.0	4	1	5613.6025390625	14	14	1432.86328125	13	12	1140.178955078125	24	22	1375.7874755859375	8.333333333333334	48.80952380952381	6	72
4K1Y	237	18	0.0	N	-5	10457.4013671875	19	18	1847.884521484375	24	21	1298.4256591796875	91	61	2348.869384765625	4.219409282700422	46.413502109704645	9	242
4K1Z	237	18	0.0	N	-5	10515.27734375	19	18	1790.2418212890625	24	21	1384.893310546875	91	63	2333.52734375	7.594936708860759	45.56962025316456	9	242
4K20	237	18	0.0	N	-5	10497.3447265625	19	18	1756.6812744140625	24	21	1359.937255859375	91	63	2419.15283203125	6.329113924050633	46.413502109704645	11	243
4K21	237	18	0.0	N	-5	10451.3330078125	19	18	1758.560791015625	24	21	1348.7470703125	91	54	2299.3486328125	6.329113924050633	45.14767932489451	11	239
4NTQ	234	27	0.0	N	-4	5151.900390625	22	12	1304.3387451171875	26	8	687.4063720703125	72	20	1208.7208251953125	12.0	28.0	5	57
4K35	757	43	0.0	N	-20	26914.0625	73	60	4378.4052734375	93	81	6003.74462890625	293	180	5596.96484375	38.668555240793204	23.087818696883854	65	891
4K3A	771	44	0.0	N	-20	26284.1015625	73	60	4207.39892578125	93	80	6083.7255859375	306	157	5578.11962890625	39.583333333333336	22.916666666666668	62	950
5XBZ	796	45	0.0	N	-19	25104.078125	74	55	3780.924072265625	93	77	5532.0009765625	321	164	5447.765625	40.140845070422536	23.380281690140844	59	918
5XC2	796	45	0.0	N	-19	25383.9453125	74	57	4123.28515625	93	78	5336.11962890625	321	163	5323.8896484375	38.35425383542538	23.15202231520223	67	892
